A1y1 = b

y1 = 3.28717
y2 = 3.803
y3 = 0.251469
y4 = -1.57875
y5 = -0.504104

A1y'1 = b'

y1 = 137.833
y2 = -174.85
y3 = -29.3128
y4 = -141.541
y5 = -248.887

Delta1 = 358.58

A2y2 = b

y1 = 3.18375
y2 = 3.94032
y3 = 0.274193
y4 = -1.47117
y5 = -0.313187

A2y'2 = b'

y1 = 3.1838
y2 = 3.94034
y3 = 0.274177
y4 = -1.47118
y5 = -0.313201

Delta2 = 5.02244e-05
