x1 = 0.0752584
x2 = 0.075259
x3 = 0.0752583
x4 = 0.0752593
x5 = 0.075258
x6 = 0.0752596
x7 = 0.0752575
x8 = 0.0752602
x9 = 0.0752567
x10 = 0.0752612
x11 = 0.0752555
x12 = 0.0752629
x13 = 0.0752533
x14 = 0.0752656
x15 = 0.0752498
x16 = 0.0752701
x17 = 0.0752441
x18 = 0.0752775
x19 = 0.0752345
x20 = 0.0752898
x21 = 0.0752187
x22 = 0.0753102
x23 = 0.0751926
x24 = 0.0753437
x25 = 0.0751494
x26 = 0.0753993
x27 = 0.0750779
x28 = 0.0754911
x29 = 0.0749599
x30 = 0.0756429
x31 = 0.0747648
x32 = 0.0758938
x33 = 0.0744422
x34 = 0.0763085
x35 = 0.073909
x36 = 0.0769941
x37 = 0.0730275
x38 = 0.0781274
x39 = 0.0715704
x40 = 0.0800008
x41 = 0.0691618
x42 = 0.0830976
x43 = 0.0651801
x44 = 0.0882169
x45 = 0.0585981
x46 = 0.0966794
x47 = 0.0477178
x48 = 0.110668
x49 = 0.0297318
x50 = 0.133793
