y1 = 0.0328713
y2 = 1.33962
y3 = 2.06648
y4 = 2.82554
y5 = 3.55757
y6 = 4.28449
y7 = 5.00721
y8 = 5.72766
y9 = 6.44662
y10 = 7.16455
y11 = 7.88177
y12 = 8.59847
y13 = 9.31476
y14 = 10.0307
y15 = 10.7465
y16 = 11.462
y17 = 12.1774
y18 = 12.8927
y19 = 13.6078
y20 = 14.3229
y21 = 15.0379
y22 = 15.7528
y23 = 16.4677
y24 = 17.1825
y25 = 17.8972
y26 = 18.612
y27 = 19.3267
y28 = 20.0413
y29 = 20.756
y30 = 21.4706
y31 = 22.1852
y32 = 22.8997
y33 = 23.6143
y34 = 24.3288
y35 = 25.0433
y36 = 25.7578
y37 = 26.4723
y38 = 27.1868
y39 = 27.9013
y40 = 28.6158
y41 = 29.3302
y42 = 30.0447
y43 = 30.7591
y44 = 31.4735
y45 = 32.1879
y46 = 32.9024
y47 = 33.6168
y48 = 34.3312
y49 = 35.0456
y50 = 35.76
y51 = 36.4744
y52 = 37.1888
y53 = 37.9032
y54 = 38.6175
y55 = 39.3319
y56 = 40.0463
y57 = 40.7607
y58 = 41.475
y59 = 42.1894
y60 = 42.9037
y61 = 43.6181
y62 = 44.3325
y63 = 45.0468
y64 = 45.7612
y65 = 46.4755
y66 = 47.1899
y67 = 47.9042
y68 = 48.6186
y69 = 49.3329
y70 = 50.0472
y71 = 50.7616
y72 = 51.4759
y73 = 52.1903
y74 = 52.9046
y75 = 53.6189
y76 = 54.3333
y77 = 55.0476
y78 = 55.7619
y79 = 56.4763
y80 = 57.1906
y81 = 57.9049
y82 = 58.6192
y83 = 59.3336
y84 = 60.0479
y85 = 60.7622
y86 = 61.4765
y87 = 62.1909
y88 = 62.9052
y89 = 63.6195
y90 = 64.3338
y91 = 65.0481
y92 = 65.7625
y93 = 66.4768
y94 = 67.1911
y95 = 67.9054
y96 = 68.6197
y97 = 69.334
y98 = 70.0483
y99 = 70.7651
y100 = 71.5392
wyznacznik - 7.82402e+07
